10 10 196459.562500
10 110 336485.781250
10 210 244172.250000
10 310 479659.906250
10 410 336044.156250
10 510 526947.250000
10 610 54337.101562
10 710 189135.031250
10 810 240035.625000
10 910 309512.468750
10 1010 578135.125000
110 10 122842.757812
110 110 273821.812500
110 210 338185.843750
110 310 542816.687500
110 410 472626.968750
110 510 660074.750000
110 610 95511.398438
110 710 303161.218750
110 810 320829.000000
110 910 524971.437500
110 1010 477172.812500
210 10 191654.843750
210 110 222475.515625
210 210 529674.500000
210 310 392427.125000
210 410 754308.937500
210 510 475518.062500
210 610 214321.187500
210 710 274550.500000
210 810 579180.250000
210 910 430648.218750
210 1010 811360.875000
310 10 128422.085938
310 110 344005.250000
310 210 374147.656250
310 310 416932.687500
310 410 530047.312500
310 510 521182.343750
310 610 189270.078125
310 710 522545.906250
310 810 700894.562500
310 910 512850.937500
310 1010 939653.562500
410 10 130812.125000
410 110 351601.406250
410 210 582904.750000
410 310 642336.062500
410 410 564953.437500
410 510 837655.312500
410 610 347546.593750
410 710 632217.375000
410 810 811894.187500
410 910 875472.562500
410 1010 719248.812500
510 10 197610.203125
510 110 247878.843750
510 210 603585.375000
510 310 459995.406250
510 510 893530.250000
510 610 273990.656250
510 710 737362.812500
510 810 623653.625000
510 910 988504.187500
510 1010 796184.000000
610 10 200935.390625
610 110 257323.468750
610 210 636157.312500
610 310 483354.531250
610 410 931826.062500
610 510 641371.437500
610 610 493448.125000
610 710 849162.500000
610 810 1043575.750000
610 910 1111916.750000
