10 10 45621.136719
10 110 1330.527588
10 210 13489.484375
10 310 3986.687256
10 410 6884.012695
10 510 2873.344727
10 610 2845.854736
10 710 3166.710205
10 810 3230.828369
10 910 4686.402832
10 1010 3573.761475
110 10 3130.999512
110 110 3395.083252
110 210 2753.406250
110 310 8210.333008
110 410 4157.819824
110 510 13105.651367
110 610 6834.708984
110 710 15812.160156
110 810 10114.615234
110 910 15261.720703
110 1010 2241.721924
210 10 11264.196289
210 110 2902.181885
210 210 10752.274414
210 310 660.147156
210 410 11620.571289
210 510 8554.823242
210 610 16749.558594
210 710 14942.008789
210 810 12699.147461
210 910 8934.977539
210 1010 14096.942383
310 10 960.158813
310 110 9721.976562
310 210 2049.213135
310 310 13272.876953
310 410 8977.216797
310 510 21912.796875
310 610 12424.102539
310 710 17697.074219
310 810 8965.133789
310 910 19816.929688
310 1010 11557.891602
410 10 9662.747070
410 110 6264.281250
410 210 12179.752930
410 310 5246.838867
410 410 10977.737305
410 510 12241.057617
410 610 16070.708984
410 710 6756.325195
410 810 17331.109375
410 910 10797.819336
410 1010 15825.320312
510 10 2601.525391
510 110 13308.250977
510 210 10115.163086
510 310 20723.222656
510 410 10890.423828
510 510 16918.757812
510 610 4523.211426
510 710 16947.640625
510 810 1542.519165
510 910 18565.261719
510 1010 9991.740234
610 10 5024.930176
610 110 9752.569336
610 210 17945.369141
610 310 6169.719727
610 410 15823.109375
610 510 13960.047852
610 610 13609.311523
610 710 16630.562500
610 810 14909.253906
610 910 39177.675781
610 1010 16598.105469
710 10 9766.299805
710 110 12487.637695
710 210 9812.765625
710 310 13887.546875
710 410 3984.847412
710 510 13855.025391
710 610 3945.602051
710 710 16331.406250
710 810 27318.298828
710 910 18336.896484
810 10 6622.106445
810 110 557.435059
810 210 11192.504883
810 310 11126.381836
810 410 14519.593750
810 510 10853.053711
810 610 12715.969727
810 710 12345.469727
810 810 19777.261719
810 1010 21992.382812
910 10 4510.395020
910 110 14195.056641
910 210 2790.838135
910 310 17868.351562
910 410 14686.146484
910 510 17356.384766
910 610 16123.920898
910 710 20850.185547
910 910 23437.123047
